-0.956541048800 -42.043263290735
12.466152450454 -62.320981348162
-11.167147544150 -38.092584049844
-34.891779011682 -9.793923611753
56.470197066735 28.279157072489
-65.137351108359 -21.271012449384
89.551883063951 62.588237871950
18.366038769845 78.185635340139
20.760093059187 33.948211552182
-38.892763918196 21.009203480167
-10.556484729459 11.761276981618
-3.594946607442 -57.335848749291
63.296194062613 -0.337678315396
23.406535866049 21.571485018554
-41.945871293337 -0.145838581029
-32.781008073112 -76.161917044275
-16.009951729786 14.578354650062
21.575692255073 28.568969888150
32.245118723324 62.713106652229
36.195893101479 41.459719267970
-65.756816888021 -8.806177066323
-38.959526478252 53.806443225634
40.432670979627 -76.170677801129
130.182229573511 70.429549384253
-40.267922537922 -66.722157479881
-40.878821489755 -40.708693057200
48.415150447198 -13.022791443649
-8.140885106462 77.283530128387
-0.011992193310 -46.492373566077
-45.337532088176 1.098908012984
-42.055516154650 -20.412154271393
1.760134879014 26.064386865586
-14.792585069167 6.401180107301
-31.540006609207 60.602444799666
21.227745856921 6.167877134616
-27.341870134135 94.714919819197
-1.322800717869 -19.290110289493
-32.517935392084 -5.136992199977
63.114120201653 11.903409273163
-34.058841981994 54.566038849180
0.036942800313 20.278328065060
-59.497690909187 52.101329949375
-69.256301492438 5.593004613928
72.131750622361 -25.734151991605
-12.005067294294 68.920490296974
-2.122528899095 94.739868671658
-69.324918632427 -16.145922945697
24.848462218293 46.726627590468
-32.446494598423 -37.811813714106
-9.535998227886 -37.528356958577
-12.974963990530 84.170393433102
46.280770770890 43.052103497448
0.024088773174 97.012474920969
-112.394328467850 12.801859432775
16.472132560953 -85.228516157399
43.091618694138 11.609608449957
70.842584330990 53.756388257322
52.243212425366 -63.900320527561
-29.968523769824 5.735634571785
38.911120597942 -5.408282551653
69.384959569089 -2.486115732509
31.622582758648 64.599094246170
-14.466495053283 24.520188682784
-75.618600628689 -130.822749758647
75.292087824041 25.477254883352
-67.712110866396 43.170434930328
85.116170082519 -14.653498970112
-42.168596219376 59.536542935103
-70.410913136582 22.217357045473
51.816418576471 -9.374292620616
56.290132185105 66.449431356837
-54.400041740798 24.583659938093
19.044061155854 60.817318038164
-27.960343054338 -103.773343948820
-23.104449840320 93.262411028054
-35.687907539978 44.502631037515
40.947812992858 -44.413191260426
23.160713768382 44.531291597294
-51.503241080909 -7.418338915131
86.565587557549 53.957050823322
-106.574040082719 -9.939076771442
-32.464409954459 32.556601715739
-31.962919097795 -91.322801698155
43.380610629027 36.108925699319
54.712677127069 48.097312691009
-4.525424277949 22.953350317674
-24.459450963538 -64.251598288190
42.679595122875 -50.979979949889
54.356255906278 0.332290397906
5.215942736976 3.710909570157
31.025885490873 46.853418293578
-20.240245798078 27.709106542604
-29.019167707012 27.019531367544
40.749162417043 -74.349622833830
-3.051297504496 16.695099006250
-58.643345706388 64.545324373478
-1.945663499328 -76.074416498397
-31.992408305053 -2.475644843964
68.014012354600 77.408878191822
-39.783256119926 32.987243760497
