-0.391954470 1.444947945
-0.284793440 -0.930116871
-0.463464841 -1.304959676
-0.685743613 -2.254351552
-1.076200542 -2.694929287
0.467247938 -3.596990686
0.123275305 -5.074024267
-0.810131348 -4.419263875
0.986595196 -3.641782487
2.821405395 -2.744164519
3.313176834 -2.173034197
4.593233423 -0.212424797
2.832077760 -0.890725687
5.540558276 0.244822017
7.491699298 -0.077369078
10.322523993 2.379942197
8.013954560 0.333761263
10.863034526 1.246289446
10.817549061 2.319316311
15.301916201 5.260420395
12.595660448 6.577279791
16.539536548 7.817386129
15.547751715 8.908840579
16.141800936 11.721933528
20.030151837 9.957432946
20.054316743 12.404163104
21.980116433 15.190025542
23.210163937 16.850954828
25.551676014 17.153268240
26.561326632 18.183896133
28.213684942 19.117255176
30.581801546 21.641108013
32.987894014 20.399472049
32.549335933 22.624966203
33.341971853 23.678654786
32.688051804 27.629838806
32.836492663 31.516793300
35.291657153 34.021479745
34.516680321 35.950653317
36.048419228 40.832175347
34.734445771 44.869053308
36.132966665 47.471236301
38.383827300 52.276323098
35.372540842 55.329931159
36.666729097 59.153300077
36.625495840 65.246464105
36.116857617 71.101505204
36.100266250 76.916462930
34.809755240 84.171625186
35.136608303 87.083469489
33.299323676 93.792680957
33.230639525 99.616475822
32.077857244 107.344013552
31.264676216 114.710640003
30.593303941 121.850044802
28.123803874 129.900764142
27.042333903 136.082691566
26.190230153 140.940702480
27.504414558 149.380089505
29.405580253 158.647748645
30.754251086 163.680074742
30.029392406 170.007804281
32.129692874 178.640503810
33.152534110 186.372236325
32.999483894 191.266894652
33.876728184 200.411074144
34.083013954 208.110154392
36.369314418 214.347486012
37.165037337 221.824814067
39.819877334 229.126242926
39.285691090 240.170714933
39.512414122 247.800976504
40.065928870 256.643421313
42.190732850 264.711283507
44.470297397 274.044574503
40.903574513 284.339497873
45.062638683 295.914863498
44.656954397 303.661372030
45.607736598 312.534142999
43.816187113 323.007659036
45.967357404 333.085904694
47.509971960 342.938244521
46.117608708 352.853653930
46.096173260 361.930196087
47.345051001 372.925482641
47.010751733 382.898861468
49.422688188 395.978454709
49.848377928 403.282890785
50.623453817 414.371931979
51.371966175 423.775835940
50.690405304 432.661867371
55.594623014 444.572349172
55.714891504 454.920994983
56.813171064 465.113271808
60.474653777 475.563162299
59.652809265 484.684681451
62.538491051 495.235303541
62.639174091 506.670508928
65.211543708 515.089032985
64.928169197 526.841047813
