0.000000000 0.000000000 0.100000000 0.100000000
0.083850850 -0.294802306 1.577017000 -5.996046115
0.193250662 -1.080878829 0.610979250 -9.725484350
0.092062826 -2.096566976 -2.634735976 -10.588278583
0.125733716 -3.009255832 3.308153763 -7.665498538
0.139698834 -3.881057463 -3.028851403 -9.770534096
0.288452099 -4.537319236 6.003916718 -3.354701349
0.987611034 -4.473806828 7.979261973 4.624949495
1.906672649 -3.841884166 10.401970341 8.013503756
2.776831365 -2.928924257 7.001203968 10.245694420
3.439522678 -1.835776507 6.252622292 11.617260587
4.042709241 -0.958293712 5.811108974 5.932395306
4.949083346 -0.364771889 12.316373118 5.938041148
6.301635786 0.332479142 14.734675684 8.006979485
7.577175539 1.133774330 10.776119376 8.018924273
8.501767839 1.554484024 7.715726622 0.395269602
9.196220091 1.670588159 6.173318414 1.926813090
9.924168943 2.006003800 8.385658638 4.781499733
10.930870256 2.802095818 11.748367619 11.140340638
12.305049188 4.125848926 15.735211024 15.334721525
13.554813841 5.619862185 9.260082029 14.545543653
14.294762292 7.348719714 5.538886993 20.031606922
15.059136386 8.972208414 9.748594886 12.438167069
16.684137610 10.580667730 22.751429596 19.731019254
18.768440358 12.229108148 18.934625360 13.237789119
20.455540617 13.362731091 14.807379829 9.434669735
22.179466303 14.258022531 19.671133876 8.471159068
24.110789548 15.503176137 18.955331036 16.431913047
26.013692841 16.918110480 19.102734824 11.866773811
27.698494929 18.115063830 14.593306926 12.072293199
28.962638719 19.236019985 10.689568892 10.346829887
30.045382490 20.394848864 10.965306520 12.829747701
31.065398452 21.713159268 9.435012711 13.536460378
31.855916431 23.375249820 6.375346877 19.705350658
32.616036983 25.384235708 8.827064153 20.474367104
33.360329879 27.922856050 6.058793767 30.298039745
33.957174243 30.860780585 5.878093514 28.460450951
34.396503361 33.686829922 2.908488849 28.060535778
35.018302448 36.557292979 9.527492888 29.348725369
35.824508939 39.773747991 6.596636949 34.980374877
36.492786085 43.377877477 6.768905957 37.102214846
36.872986517 47.346237918 0.835102698 42.264993974
36.615776244 51.608993451 -5.979308159 42.990116668
36.384147490 55.777148320 1.346733081 40.372980725
36.465854983 60.148017713 0.287416773 47.044407136
36.494470243 65.326174673 0.284888420 56.518732050
36.179575066 70.901608351 -6.582791956 54.989941516
35.631481705 76.640330797 -4.379075271 59.784507403
35.041874930 82.448463780 -7.413060227 56.378152262
34.260509857 87.906280223 -8.214241221 52.778176596
33.376625444 93.603399064 -9.463447035 61.164200231
32.661271559 99.937458609 -4.843630678 65.516990673
32.183293556 106.980129445 -4.715929379 75.336426042
31.159218753 114.589178454 -15.765566683 76.844554126
29.670831244 121.847193827 -14.002183492 68.315753331
28.491855917 128.753727385 -9.577323049 69.814917846
27.893644805 136.022223815 -2.386899200 75.555010744
27.921937216 143.268169799 2.952747435 69.363908929
28.058838808 150.237259675 -0.214715594 70.017888591
28.232908888 157.204643519 3.696117182 69.329788305
28.947916648 164.125944980 10.604038013 69.096240916
30.170324434 171.360884943 13.844117709 75.602558339
31.493167104 179.056473378 12.612735708 78.309210359
32.380916536 186.243404915 5.142252925 65.429420378
33.282017853 192.910529108 12.879773411 67.913063479
34.230981624 199.921955921 6.099502020 72.315472787
35.259606778 207.091050991 14.473001057 71.066428609
36.503501422 214.500202027 10.404891819 77.116592107
37.191270174 222.332514548 3.350483212 79.529658324
37.785285645 230.242942496 8.529826214 78.678900633
38.922707325 238.445687467 14.218607387 85.375998788
40.089827830 247.114032452 9.123802711 87.990900909
41.101617870 256.203339020 11.111998089 93.795230446
42.078554663 265.087308390 8.426737772 83.884156965
42.812715809 273.940148734 6.256485147 93.172649907
43.282528051 283.492676741 3.139759694 97.877910232
43.795988340 293.064115803 7.129446089 93.550871007
44.627746289 302.649494496 9.505712882 98.156702847
45.328944837 312.428564494 4.518258079 97.424697124
46.219344738 322.450704328 13.289739950 103.018099553
47.028637943 332.713336936 2.896124139 102.234552605
47.156961383 343.113445117 -0.329655337 105.767611019
46.970163965 353.236394204 -3.406293024 96.691370713
46.843393547 363.082741546 0.870884676 100.235576137
47.209702820 373.354598659 6.455300789 105.201566120
47.822082851 384.000518289 5.792299821 107.716826484
48.278612410 394.454273161 3.338291365 101.358270959
48.838457242 404.336220187 7.858605272 96.280669557
49.906725198 413.970594058 13.506753839 96.406807856
51.288903786 423.639056257 14.136817929 96.962436131
52.857616869 433.565143772 17.237443733 101.559314154
54.473606616 443.863385518 15.082351197 104.405520771
55.843164550 454.440679857 12.308807491 107.140366006
57.283650538 464.786945984 16.500912266 99.784956543
58.917164377 474.853771728 16.169364517 101.551558331
60.243599909 485.337972704 10.359346129 108.132461187
61.278125276 495.781894578 10.331161212 100.745976293
62.157116365 505.856648932 7.248660555 100.749110795
63.223640792 516.333654306 14.081827989 108.790996685
64.432271483 527.379651056 10.090785831 112.128938323
